Geneid	control_1	control_2	control_3	L1OE_1	L1OE_2	L1OE_3
ENSG00000000000	13	15	15	14	14	13
ENSG00000000001	11	9	8	9	9	13
ENSG00000000002	9	10	7	8	7	10
ENSG00000000003	6	6	8	7	8	7
ENSG00000000004	15	14	15	14	13	15
ENSG00000000005	16	14	13	14	15	14
ENSG00000000006	19	18	16	17	17	17
ENSG00000000007	12	11	15	12	11	15
ENSG00000000008	14	16	14	15	15	16
ENSG00000000009	13	9	10	12	10	8
ENSG00000000010	11	10	12	11	13	14
ENSG00000000011	15	13	14	15	13	13
ENSG00000000012	8	8	6	11	12	12
ENSG00000000013	18	16	15	15	15	17
ENSG00000000014	9	12	10	6	5	8
ENSG00000000015	14	13	15	14	14	13
ENSG00000000016	14	12	12	16	13	12
ENSG00000000017	15	16	20	14	14	14
ENSG00000000018	16	16	15	20	16	18
ENSG00000000019	17	17	19	18	17	17
ENSG00000000020	5	6	4	7	6	8
ENSG00000000021	15	14	14	15	8	9
ENSG00000000022	12	11	8	10	9	10
ENSG00000000023	24	23	23	24	22	21
ENSG00000000024	11	10	10	9	9	10
ENSG00000000025	7	8	6	7	6	8
ENSG00000000026	5	5	9	7	5	6
ENSG00000000027	7	7	9	10	10	8
ENSG00000000028	8	8	7	3	2	1
ENSG00000000029	7	7	9	7	8	7
ENSG00000000030	11	10	15	10	12	11
ENSG00000000031	9	7	6	6	5	7
ENSG00000000032	7	9	8	9	9	9
ENSG00000000033	12	7	9	7	9	8
ENSG00000000034	13	13	15	15	14	14
ENSG00000000035	13	13	17	13	12	11
ENSG00000000036	20	16	19	19	19	19
ENSG00000000037	10	15	9	11	10	11
ENSG00000000038	15	10	10	11	11	11
ENSG00000000039	22	21	21	21	21	25
ENSG00000000040	15	11	13	13	14	13
ENSG00000000041	15	15	14	30	32	30
ENSG00000000042	5	5	6	6	3	3
ENSG00000000043	10	11	12	10	15	11
ENSG00000000044	19	13	13	11	13	14
ENSG00000000045	21	22	19	19	20	20
ENSG00000000046	5	4	3	4	4	4
ENSG00000000047	11	13	11	14	16	10
ENSG00000000048	10	12	11	12	11	10
ENSG00000000049	16	13	14	15	14	13
ENSG00000000050	9	13	9	11	10	8
ENSG00000000051	10	11	9	19	21	18
ENSG00000000052	21	22	22	21	20	22
ENSG00000000053	7	6	6	7	6	7
ENSG00000000054	15	15	16	29	31	32
ENSG00000000055	7	9	11	7	9	9
ENSG00000000056	16	19	14	14	15	16
ENSG00000000057	11	9	10	12	9	11
ENSG00000000058	9	9	9	8	11	10
ENSG00000000059	16	16	16	7	8	6
ENSG00000000060	11	10	10	9	10	10
ENSG00000000061	10	10	10	8	10	7
ENSG00000000062	15	14	15	15	16	16
ENSG00000000063	12	10	11	14	11	15
ENSG00000000064	9	11	10	12	10	9
ENSG00000000065	7	10	8	7	8	9
ENSG00000000066	16	15	16	16	16	18
ENSG00000000067	10	11	9	10	10	8
ENSG00000000068	9	12	9	7	10	9
ENSG00000000069	14	11	12	14	11	11
ENSG00000000070	11	9	10	5	3	4
ENSG00000000071	13	15	12	13	13	14
ENSG00000000072	13	16	15	12	15	15
ENSG00000000073	13	10	11	14	11	11
ENSG00000000074	15	15	17	17	18	17
ENSG00000000075	21	19	21	54	55	57
ENSG00000000076	9	7	12	8	8	10
ENSG00000000077	14	17	17	16	15	15
ENSG00000000078	12	13	15	13	13	14
ENSG00000000079	13	13	14	13	15	13
ENSG00000000080	12	15	15	15	17	13
ENSG00000000081	15	13	12	15	15	15
ENSG00000000082	5	7	6	8	6	8
ENSG00000000083	10	9	12	9	10	16
ENSG00000000084	11	11	12	13	13	11
ENSG00000000085	27	26	26	25	27	25
ENSG00000000086	9	9	7	7	7	6
ENSG00000000087	18	18	19	5	5	8
ENSG00000000088	11	7	9	10	7	7
ENSG00000000089	8	12	9	12	9	9
ENSG00000000090	12	16	12	13	11	12
ENSG00000000091	12	10	12	4	3	2
ENSG00000000092	12	9	9	9	8	9
ENSG00000000093	12	13	13	12	10	12
ENSG00000000094	15	15	14	26	27	25
ENSG00000000095	21	21	22	20	24	23
ENSG00000000096	15	16	15	15	17	17
ENSG00000000097	12	15	12	15	14	12
ENSG00000000098	8	9	10	8	10	9
ENSG00000000099	15	16	19	17	17	17
ENSG00000000100	11	12	10	10	13	12
ENSG00000000101	11	9	9	11	10	9
ENSG00000000102	12	8	10	8	10	9
ENSG00000000103	9	8	9	10	14	9
ENSG00000000104	13	12	13	12	13	13
ENSG00000000105	10	8	8	5	7	12
ENSG00000000106	19	20	18	20	19	20
ENSG00000000107	10	13	10	9	9	9
ENSG00000000108	19	19	22	18	18	19
ENSG00000000109	14	15	16	15	15	14
ENSG00000000110	17	18	21	17	18	19
ENSG00000000111	13	11	8	12	8	10
ENSG00000000112	10	9	11	10	8	9
ENSG00000000113	9	13	10	9	10	11
ENSG00000000114	7	7	9	13	15	15
ENSG00000000115	6	7	6	7	8	8
ENSG00000000116	14	13	12	11	11	14
ENSG00000000117	15	15	15	15	15	16
ENSG00000000118	13	12	12	12	17	12
ENSG00000000119	16	17	17	16	17	17
ENSG00000000120	9	9	9	8	8	11
ENSG00000000121	12	10	15	11	13	8
ENSG00000000122	15	16	15	45	43	44
ENSG00000000123	7	5	3	5	8	4
ENSG00000000124	16	20	15	15	15	15
ENSG00000000125	13	13	15	13	14	12
ENSG00000000126	10	14	15	8	5	7
ENSG00000000127	5	6	6	6	7	7
ENSG00000000128	17	19	15	17	16	16
ENSG00000000129	25	24	25	26	27	25
ENSG00000000130	13	11	11	10	13	10
ENSG00000000131	12	12	12	12	12	11
ENSG00000000132	11	8	8	10	11	10
ENSG00000000133	20	18	20	19	17	20
ENSG00000000134	11	10	15	13	12	11
ENSG00000000135	12	13	11	5	7	8
ENSG00000000136	18	16	20	21	18	20
ENSG00000000137	7	8	9	8	13	7
ENSG00000000138	13	11	13	13	12	14
ENSG00000000139	14	12	14	13	14	14
ENSG00000000140	12	15	14	4	5	6
ENSG00000000141	10	10	12	21	20	22
ENSG00000000142	8	8	10	8	7	7
ENSG00000000143	12	13	15	13	11	14
ENSG00000000144	8	11	12	7	10	9
ENSG00000000145	7	6	8	6	8	9
ENSG00000000146	4	5	6	6	4	6
ENSG00000000147	8	8	8	7	9	7
ENSG00000000148	5	7	5	6	7	7
ENSG00000000149	12	13	15	10	13	13
ENSG00000000150	25	22	23	23	21	21
ENSG00000000151	19	16	16	16	19	19
ENSG00000000152	12	11	14	13	17	11
ENSG00000000153	7	6	9	8	6	8
ENSG00000000154	10	11	12	14	11	13
ENSG00000000155	9	10	8	8	11	8
ENSG00000000156	14	12	14	17	14	15
ENSG00000000157	9	9	10	7	10	9
ENSG00000000158	23	24	21	22	22	25
ENSG00000000159	10	11	13	12	10	12
ENSG00000000160	18	13	14	14	15	13
ENSG00000000161	9	13	14	11	11	9
ENSG00000000162	15	14	14	13	15	15
ENSG00000000163	8	8	10	7	7	8
ENSG00000000164	10	8	8	6	4	3
ENSG00000000165	12	8	9	9	10	10
ENSG00000000166	14	16	15	17	14	14
ENSG00000000167	11	11	12	10	10	11
ENSG00000000168	6	7	8	6	7	7
ENSG00000000169	9	10	12	9	10	9
ENSG00000000170	11	15	12	11	10	12
ENSG00000000171	12	10	15	11	11	14
ENSG00000000172	17	14	14	12	13	13
ENSG00000000173	13	12	13	15	12	11
ENSG00000000174	10	12	13	13	10	11
ENSG00000000175	5	6	7	3	7	4
ENSG00000000176	14	12	14	13	14	13
ENSG00000000177	19	20	22	22	23	19
ENSG00000000178	8	12	10	11	7	8
ENSG00000000179	14	9	10	7	9	9
ENSG00000000180	15	17	16	16	13	13
ENSG00000000181	5	3	3	4	4	5
ENSG00000000182	12	11	9	11	11	10
ENSG00000000183	21	20	24	21	21	19
ENSG00000000184	10	11	12	12	9	9
ENSG00000000185	11	10	13	11	11	12
ENSG00000000186	10	7	5	6	8	6
ENSG00000000187	8	9	8	8	10	11
ENSG00000000188	19	16	15	15	17	16
ENSG00000000189	10	10	6	9	9	10
ENSG00000000190	5	4	5	5	4	5
ENSG00000000191	8	8	7	7	9	8
ENSG00000000192	16	15	17	15	17	17
ENSG00000000193	14	16	15	18	15	14
ENSG00000000194	8	9	9	7	10	10
ENSG00000000195	29	24	24	26	24	26
ENSG00000000196	15	17	14	11	11	7
ENSG00000000197	2	3	1	1	5	4
ENSG00000000198	15	15	15	13	14	14
ENSG00000000199	10	8	9	11	10	12
ENSG00000000200	15	14	14	16	14	17
ENSG00000000201	14	16	16	17	17	15
ENSG00000000202	7	5	6	7	5	6
ENSG00000000203	9	13	8	8	9	11
ENSG00000000204	11	12	11	11	11	10
ENSG00000000205	10	10	10	10	9	10
ENSG00000000206	14	10	10	11	14	10
ENSG00000000207	10	8	9	8	8	7
ENSG00000000208	14	12	11	11	15	11
ENSG00000000209	14	13	15	14	12	14
ENSG00000000210	10	8	11	9	12	9
ENSG00000000211	14	19	14	17	15	15
ENSG00000000212	9	8	9	8	10	10
ENSG00000000213	11	8	7	7	9	7
ENSG00000000214	9	6	10	9	6	9
ENSG00000000215	9	8	8	8	7	6
ENSG00000000216	14	15	13	16	16	13
ENSG00000000217	13	12	13	14	13	10
ENSG00000000218	11	6	6	8	8	9
ENSG00000000219	15	14	12	14	12	12
ENSG00000000220	12	9	11	14	10	13
ENSG00000000221	5	7	6	5	7	9
ENSG00000000222	11	11	12	10	11	14
ENSG00000000223	5	6	6	13	12	14
ENSG00000000224	26	23	26	23	23	27
ENSG00000000225	5	8	6	7	8	5
ENSG00000000226	13	15	14	13	14	14
ENSG00000000227	22	21	20	20	19	22
ENSG00000000228	6	10	6	7	8	9
ENSG00000000229	7	6	8	9	7	6
ENSG00000000230	16	16	16	18	16	16
ENSG00000000231	4	4	5	5	6	6
ENSG00000000232	6	6	6	6	7	6
ENSG00000000233	5	8	5	5	10	6
ENSG00000000234	16	15	10	11	10	11
ENSG00000000235	19	17	17	17	20	18
ENSG00000000236	8	9	8	6	6	10
ENSG00000000237	15	13	14	16	16	15
ENSG00000000238	17	19	16	16	20	19
ENSG00000000239	14	13	16	13	14	15
ENSG00000000240	10	7	8	8	6	6
ENSG00000000241	29	25	26	27	26	25
ENSG00000000242	10	13	10	10	9	8
ENSG00000000243	13	10	10	9	11	12
ENSG00000000244	18	16	15	16	18	17
ENSG00000000245	15	13	12	14	12	16
ENSG00000000246	12	9	13	5	5	4
ENSG00000000247	16	19	17	16	16	17
ENSG00000000248	10	13	12	12	11	11
ENSG00000000249	16	15	13	13	13	15
ENSG00000000250	17	16	16	17	20	17
ENSG00000000251	4	1	1	4	0	2
ENSG00000000252	11	11	14	11	11	11
ENSG00000000253	9	11	12	12	11	12
ENSG00000000254	12	12	14	13	10	12
ENSG00000000255	7	5	7	7	5	8
ENSG00000000256	11	12	13	12	11	13
ENSG00000000257	14	13	15	16	14	14
ENSG00000000258	5	7	3	4	3	2
ENSG00000000259	18	21	18	8	8	7
ENSG00000000260	7	6	6	10	13	14
ENSG00000000261	16	14	17	18	15	14
ENSG00000000262	8	6	7	9	9	6
ENSG00000000263	10	11	10	11	8	10
ENSG00000000264	23	24	25	25	23	24
ENSG00000000265	11	11	12	10	11	8
ENSG00000000266	12	14	14	12	14	13
ENSG00000000267	16	18	15	15	16	15
ENSG00000000268	24	18	22	19	19	20
ENSG00000000269	13	14	14	16	13	12
ENSG00000000270	11	10	11	12	13	12
ENSG00000000271	12	12	14	11	11	12
ENSG00000000272	12	11	8	8	11	11
ENSG00000000273	10	11	10	11	10	12
ENSG00000000274	12	11	13	26	24	24
ENSG00000000275	8	7	9	6	6	8
ENSG00000000276	7	7	8	8	10	6
ENSG00000000277	18	18	13	5	3	5
ENSG00000000278	16	17	15	15	14	16
ENSG00000000279	11	13	9	11	10	11
ENSG00000000280	12	9	9	13	11	9
ENSG00000000281	11	10	13	12	10	11
ENSG00000000282	8	11	9	11	10	11
ENSG00000000283	16	15	16	17	16	18
ENSG00000000284	16	13	15	27	27	28
ENSG00000000285	20	19	22	18	22	23
ENSG00000000286	12	12	13	10	10	13
ENSG00000000287	7	7	7	8	9	8
ENSG00000000288	12	13	16	15	12	19
ENSG00000000289	15	13	15	14	14	14
ENSG00000000290	16	12	10	10	12	14
ENSG00000000291	6	7	6	8	6	7
ENSG00000000292	9	10	11	12	8	12
ENSG00000000293	6	6	9	8	5	7
ENSG00000000294	6	4	6	5	9	3
ENSG00000000295	15	12	13	8	8	8
ENSG00000000296	16	15	14	15	15	16
ENSG00000000297	13	13	10	10	12	9
ENSG00000000298	9	10	9	13	10	11
ENSG00000000299	11	9	9	7	11	12
ENSG00000000300	14	13	13	13	11	15
ENSG00000000301	6	10	8	8	9	8
ENSG00000000302	9	9	7	14	15	16
ENSG00000000303	1	2	2	5	2	4
ENSG00000000304	17	13	13	14	14	12
ENSG00000000305	7	7	8	5	5	5
ENSG00000000306	10	8	9	9	11	12
ENSG00000000307	16	13	10	10	11	13
ENSG00000000308	9	9	9	9	11	13
ENSG00000000309	11	11	10	9	10	12
ENSG00000000310	11	11	14	5	3	2
ENSG00000000311	8	7	7	7	9	8
ENSG00000000312	12	14	13	13	14	14
ENSG00000000313	13	12	12	12	14	15
ENSG00000000314	19	19	20	18	19	18
ENSG00000000315	12	14	10	9	14	12
ENSG00000000316	20	18	15	15	17	16
ENSG00000000317	17	16	16	15	14	17
ENSG00000000318	15	15	13	13	13	14
ENSG00000000319	7	8	7	7	3	3
ENSG00000000320	17	15	14	43	43	43
ENSG00000000321	9	7	8	9	11	11
ENSG00000000322	18	20	21	19	18	20
ENSG00000000323	6	9	6	7	6	6
ENSG00000000324	8	7	10	8	8	8
ENSG00000000325	5	6	7	5	5	6
ENSG00000000326	11	14	9	11	12	11
ENSG00000000327	14	14	15	15	16	14
ENSG00000000328	7	4	6	4	4	4
ENSG00000000329	9	12	9	11	14	14
ENSG00000000330	8	10	10	10	9	10
ENSG00000000331	14	16	14	16	12	14
ENSG00000000332	16	16	17	14	15	15
ENSG00000000333	20	20	18	36	39	38
ENSG00000000334	11	10	11	10	12	13
ENSG00000000335	10	10	11	9	9	7
ENSG00000000336	13	9	8	9	12	9
ENSG00000000337	13	14	14	12	14	13
ENSG00000000338	12	11	10	11	12	11
ENSG00000000339	8	8	9	12	9	8
ENSG00000000340	8	7	7	7	7	8
ENSG00000000341	4	5	4	4	4	4
ENSG00000000342	15	16	15	5	5	4
ENSG00000000343	16	17	19	18	16	15
ENSG00000000344	15	17	13	14	15	17
ENSG00000000345	21	18	21	18	18	19
ENSG00000000346	8	8	7	10	12	11
ENSG00000000347	7	5	4	7	7	6
ENSG00000000348	8	9	10	11	9	12
ENSG00000000349	11	10	12	4	3	4
ENSG00000000350	15	15	17	39	40	41
ENSG00000000351	11	11	10	6	5	5
ENSG00000000352	11	12	15	13	13	14
ENSG00000000353	10	10	9	9	8	8
ENSG00000000354	14	13	14	14	13	13
ENSG00000000355	5	3	6	4	4	4
ENSG00000000356	23	21	22	24	21	22
ENSG00000000357	4	2	5	2	5	4
ENSG00000000358	10	13	10	10	9	10
ENSG00000000359	16	18	16	18	18	18
ENSG00000000360	15	14	15	14	16	12
ENSG00000000361	11	14	8	11	10	11
ENSG00000000362	9	8	11	11	10	12
ENSG00000000363	8	12	8	8	9	8
ENSG00000000364	11	11	12	10	12	12
ENSG00000000365	5	6	7	4	5	8
ENSG00000000366	7	11	6	7	7	8
ENSG00000000367	11	8	9	9	6	8
ENSG00000000368	16	20	17	16	20	15
ENSG00000000369	15	17	12	14	14	15
ENSG00000000370	14	15	19	15	18	17
ENSG00000000371	8	10	8	10	8	7
ENSG00000000372	13	10	12	11	12	10
ENSG00000000373	8	8	9	8	11	8
ENSG00000000374	16	21	18	17	17	19
ENSG00000000375	10	8	7	7	6	6
ENSG00000000376	8	7	10	12	6	6
ENSG00000000377	16	16	14	14	14	15
ENSG00000000378	13	14	13	13	16	13
ENSG00000000379	16	13	15	12	13	12
ENSG00000000380	13	14	11	13	14	13
ENSG00000000381	12	14	17	8	7	7
ENSG00000000382	6	6	8	9	7	10
ENSG00000000383	19	20	20	21	21	20
ENSG00000000384	12	11	14	11	16	10
ENSG00000000385	10	12	10	7	5	5
ENSG00000000386	31	33	33	31	31	34
ENSG00000000387	15	16	17	19	17	16
ENSG00000000388	9	9	7	7	9	9
ENSG00000000389	11	12	11	13	12	12
ENSG00000000390	9	8	9	9	11	11
ENSG00000000391	12	9	10	11	12	12
ENSG00000000392	15	15	16	17	17	15
ENSG00000000393	18	16	17	15	17	19
ENSG00000000394	7	6	9	5	4	4
ENSG00000000395	21	19	19	7	8	9
ENSG00000000396	20	21	19	19	20	21
ENSG00000000397	16	17	18	17	18	16
ENSG00000000398	8	9	11	8	9	10
ENSG00000000399	6	5	5	5	7	5
ENSG00000000400	14	13	15	15	16	16
ENSG00000000401	17	17	16	18	17	19
ENSG00000000402	21	18	17	18	17	19
ENSG00000000403	10	11	11	4	3	4
ENSG00000000404	10	12	11	10	13	12
ENSG00000000405	22	22	22	23	24	23
ENSG00000000406	7	6	4	3	6	5
ENSG00000000407	19	22	20	19	20	24
ENSG00000000408	17	13	15	28	28	27
ENSG00000000409	6	9	5	7	6	7
ENSG00000000410	11	12	11	13	12	16
ENSG00000000411	10	15	15	13	10	11
ENSG00000000412	5	5	5	4	5	6
ENSG00000000413	4	4	3	3	3	4
ENSG00000000414	17	13	12	14	14	12
ENSG00000000415	10	11	10	8	10	10
ENSG00000000416	10	6	9	7	11	8
ENSG00000000417	12	13	14	14	14	14
ENSG00000000418	11	12	13	10	12	11
ENSG00000000419	17	16	13	15	14	16
ENSG00000000420	10	9	10	11	11	10
ENSG00000000421	11	13	14	9	11	12
ENSG00000000422	19	20	19	21	18	17
ENSG00000000423	14	14	14	13	14	15
ENSG00000000424	24	25	27	24	26	29
ENSG00000000425	9	8	10	8	10	10
ENSG00000000426	10	10	8	4	5	7
ENSG00000000427	7	8	6	7	10	9
ENSG00000000428	13	12	9	14	11	9
ENSG00000000429	11	12	10	10	12	15
ENSG00000000430	11	14	13	13	16	14
ENSG00000000431	6	6	7	10	12	13
ENSG00000000432	10	11	10	12	11	12
ENSG00000000433	11	12	14	12	11	11
ENSG00000000434	18	17	19	20	15	17
ENSG00000000435	15	17	17	17	15	16
ENSG00000000436	9	12	6	8	8	13
ENSG00000000437	17	16	14	14	13	13
ENSG00000000438	8	9	11	7	11	7
ENSG00000000439	19	19	19	21	20	19
ENSG00000000440	18	17	17	17	16	19
ENSG00000000441	11	11	11	10	11	8
ENSG00000000442	20	22	23	19	22	23
ENSG00000000443	10	9	10	10	9	10
ENSG00000000444	11	10	11	10	11	13
ENSG00000000445	8	7	6	8	10	8
ENSG00000000446	6	9	5	6	5	5
ENSG00000000447	15	17	18	17	19	17
ENSG00000000448	18	16	16	15	18	17
ENSG00000000449	16	13	11	18	19	15
ENSG00000000450	18	18	18	18	19	18
ENSG00000000451	20	20	21	19	21	20
ENSG00000000452	17	16	14	14	15	13
ENSG00000000453	20	16	17	17	15	19
ENSG00000000454	13	10	11	9	9	9
ENSG00000000455	20	16	15	48	46	47
ENSG00000000456	15	15	16	14	16	16
ENSG00000000457	10	10	12	11	9	11
ENSG00000000458	8	11	9	10	8	9
ENSG00000000459	8	11	10	9	9	9
ENSG00000000460	15	15	17	16	15	14
ENSG00000000461	9	7	6	11	7	10
ENSG00000000462	11	9	8	9	9	9
ENSG00000000463	15	14	16	14	18	14
ENSG00000000464	17	17	13	13	15	13
ENSG00000000465	8	5	9	4	4	7
ENSG00000000466	12	11	14	11	14	10
ENSG00000000467	11	10	9	9	10	10
ENSG00000000468	18	15	15	15	17	18
ENSG00000000469	15	15	16	13	13	14
ENSG00000000470	7	9	8	13	8	8
ENSG00000000471	15	12	10	11	10	11
ENSG00000000472	10	10	12	11	11	11
ENSG00000000473	12	11	13	10	10	12
ENSG00000000474	21	21	21	24	22	23
ENSG00000000475	6	7	6	5	7	5
ENSG00000000476	14	14	14	15	15	13
ENSG00000000477	10	8	11	9	15	10
ENSG00000000478	14	13	10	11	11	12
ENSG00000000479	11	13	8	9	9	10
ENSG00000000480	15	16	16	5	6	6
ENSG00000000481	11	15	12	13	14	11
ENSG00000000482	15	15	16	14	15	14
ENSG00000000483	10	12	9	11	11	11
ENSG00000000484	9	10	10	10	9	9
ENSG00000000485	14	14	14	15	12	13
ENSG00000000486	16	14	17	13	13	15
ENSG00000000487	14	11	11	12	12	10
ENSG00000000488	12	14	13	13	14	12
ENSG00000000489	9	10	10	9	10	11
ENSG00000000490	10	8	7	8	8	8
ENSG00000000491	11	11	11	14	13	13
ENSG00000000492	13	13	13	12	15	15
ENSG00000000493	9	8	7	9	7	10
ENSG00000000494	15	16	17	18	16	18
ENSG00000000495	16	17	19	16	17	15
ENSG00000000496	8	7	8	8	6	11
ENSG00000000497	11	13	11	9	6	6
ENSG00000000498	5	6	9	7	7	6
ENSG00000000499	4	8	8	6	5	5
ENSG00000000500	15	17	15	17	15	16
ENSG00000000501	14	17	16	14	15	16
ENSG00000000502	8	7	4	6	6	5
ENSG00000000503	8	8	7	7	9	8
ENSG00000000504	10	11	14	13	14	12
ENSG00000000505	13	12	10	22	21	23
ENSG00000000506	4	4	4	1	5	5
ENSG00000000507	10	12	10	10	10	11
ENSG00000000508	8	8	12	9	9	9
ENSG00000000509	10	7	8	9	7	7
ENSG00000000510	12	10	12	9	9	12
ENSG00000000511	16	13	15	14	13	14
ENSG00000000512	9	8	7	8	7	7
ENSG00000000513	19	16	16	18	16	17
ENSG00000000514	5	6	9	6	6	8
ENSG00000000515	6	8	8	9	8	7
ENSG00000000516	11	11	11	10	12	13
ENSG00000000517	10	12	10	8	9	13
ENSG00000000518	9	10	10	11	10	9
ENSG00000000519	26	28	25	27	27	24
ENSG00000000520	8	6	8	6	5	8
ENSG00000000521	8	10	9	10	10	8
ENSG00000000522	10	8	8	7	8	6
ENSG00000000523	8	7	9	8	8	9
ENSG00000000524	12	14	14	13	12	15
ENSG00000000525	8	7	11	9	11	10
ENSG00000000526	10	9	10	8	11	12
ENSG00000000527	13	15	15	13	15	15
ENSG00000000528	9	10	9	7	7	10
ENSG00000000529	5	4	5	5	5	6
ENSG00000000530	13	12	13	15	10	12
ENSG00000000531	16	17	13	15	13	13
ENSG00000000532	21	20	20	11	12	13
ENSG00000000533	11	9	8	8	10	8
ENSG00000000534	17	19	18	17	16	17
ENSG00000000535	20	19	19	21	20	18
ENSG00000000536	16	18	18	17	21	17
ENSG00000000537	6	8	9	8	8	7
ENSG00000000538	12	13	11	12	11	11
ENSG00000000539	10	13	13	10	13	14
ENSG00000000540	10	9	7	14	9	7
ENSG00000000541	18	19	18	18	16	16
ENSG00000000542	14	16	17	16	16	16
ENSG00000000543	10	10	11	9	10	9
ENSG00000000544	16	17	17	20	18	17
ENSG00000000545	8	7	7	8	9	7
ENSG00000000546	9	9	14	9	11	9
ENSG00000000547	11	11	11	9	10	4
ENSG00000000548	14	13	13	14	13	14
ENSG00000000549	9	8	10	8	9	10
ENSG00000000550	18	16	15	18	17	17
ENSG00000000551	9	7	7	9	6	9
ENSG00000000552	6	5	7	5	4	6
ENSG00000000553	12	14	13	15	17	13
ENSG00000000554	14	14	14	14	15	16
ENSG00000000555	17	14	15	15	17	14
ENSG00000000556	11	11	16	12	13	14
ENSG00000000557	9	9	8	12	8	9
ENSG00000000558	6	6	6	5	5	6
ENSG00000000559	12	14	12	11	10	12
ENSG00000000560	10	10	13	10	10	8
ENSG00000000561	3	4	6	5	7	3
ENSG00000000562	25	22	23	22	23	21
ENSG00000000563	11	11	11	12	13	12
ENSG00000000564	13	12	19	13	13	12
ENSG00000000565	15	12	14	14	12	12
ENSG00000000566	10	7	9	9	8	8
ENSG00000000567	13	14	14	13	14	14
ENSG00000000568	7	7	8	6	7	9
ENSG00000000569	18	15	14	16	15	20
ENSG00000000570	9	12	11	10	9	10
ENSG00000000571	7	7	6	8	7	8
ENSG00000000572	14	14	13	13	12	16
ENSG00000000573	14	13	13	15	15	13
ENSG00000000574	18	21	19	19	20	20
ENSG00000000575	8	12	8	11	9	10
ENSG00000000576	12	12	11	13	11	11
ENSG00000000577	8	8	9	11	7	7
ENSG00000000578	25	20	20	20	20	19
ENSG00000000579	9	10	9	11	9	10
ENSG00000000580	15	14	14	16	15	16
ENSG00000000581	5	6	4	5	6	4
ENSG00000000582	13	11	12	13	12	14
ENSG00000000583	14	15	13	16	18	18
ENSG00000000584	9	10	9	10	9	10
ENSG00000000585	21	22	22	24	22	23
ENSG00000000586	16	17	16	44	42	45
ENSG00000000587	10	10	8	8	11	8
ENSG00000000588	6	7	8	8	8	9
ENSG00000000589	5	5	5	5	8	6
ENSG00000000590	11	13	12	4	3	5
ENSG00000000591	12	13	13	13	13	13
ENSG00000000592	8	10	9	10	11	10
ENSG00000000593	11	15	11	9	12	11
ENSG00000000594	5	6	4	3	8	4
ENSG00000000595	11	7	8	9	9	8
ENSG00000000596	12	9	10	10	15	11
ENSG00000000597	11	7	9	7	8	9
ENSG00000000598	14	12	14	15	12	12
ENSG00000000599	24	24	23	45	47	48
ENSG00000000600	15	14	17	15	14	15
ENSG00000000601	7	5	10	5	7	5
ENSG00000000602	13	13	13	11	13	11
ENSG00000000603	12	14	14	11	11	13
ENSG00000000604	12	13	15	15	14	14
ENSG00000000605	6	7	11	5	7	10
ENSG00000000606	16	14	15	45	44	42
ENSG00000000607	6	3	3	3	2	5
ENSG00000000608	10	13	12	13	12	11
ENSG00000000609	12	14	13	12	10	13
ENSG00000000610	11	12	16	32	30	32
ENSG00000000611	8	9	9	9	10	11
ENSG00000000612	13	15	12	13	10	14
ENSG00000000613	8	7	6	6	9	7
ENSG00000000614	14	14	12	14	15	15
ENSG00000000615	14	12	15	12	13	13
ENSG00000000616	8	7	6	5	8	8
ENSG00000000617	15	13	12	16	13	13
ENSG00000000618	10	11	9	9	9	9
ENSG00000000619	17	19	16	17	20	19
ENSG00000000620	10	10	10	11	8	9
ENSG00000000621	10	10	10	12	11	10
ENSG00000000622	4	7	5	10	12	9
ENSG00000000623	14	10	11	14	11	11
ENSG00000000624	12	13	13	10	12	13
ENSG00000000625	20	20	20	18	20	19
ENSG00000000626	13	14	14	13	15	18
ENSG00000000627	13	14	11	12	14	13
ENSG00000000628	11	12	10	5	4	9
ENSG00000000629	12	10	13	11	12	11
ENSG00000000630	31	28	28	27	30	29
ENSG00000000631	22	20	19	21	19	22
ENSG00000000632	19	18	22	24	21	20
ENSG00000000633	14	16	13	11	14	13
ENSG00000000634	16	16	17	19	16	17
ENSG00000000635	11	10	10	12	9	11
ENSG00000000636	8	10	11	11	11	13
ENSG00000000637	11	12	12	13	12	11
ENSG00000000638	17	17	18	18	16	17
ENSG00000000639	14	14	17	14	12	13
ENSG00000000640	12	13	10	9	12	12
ENSG00000000641	5	8	7	6	8	6
ENSG00000000642	12	14	13	13	14	14
ENSG00000000643	12	10	10	10	9	12
ENSG00000000644	11	15	10	12	14	11
ENSG00000000645	12	11	13	32	31	33
ENSG00000000646	13	10	11	10	10	13
ENSG00000000647	13	12	10	12	13	15
ENSG00000000648	17	16	16	16	16	17
ENSG00000000649	15	19	15	14	18	15
ENSG00000000650	22	19	21	20	20	20
ENSG00000000651	13	12	12	35	34	35
ENSG00000000652	7	11	6	9	8	9
ENSG00000000653	14	14	15	14	13	16
ENSG00000000654	11	9	9	10	11	9
ENSG00000000655	10	12	11	11	10	12
ENSG00000000656	10	9	14	12	11	11
ENSG00000000657	9	8	10	7	8	8
ENSG00000000658	15	14	14	14	12	14
ENSG00000000659	7	6	9	7	6	5
ENSG00000000660	19	18	18	19	19	22
ENSG00000000661	7	8	7	11	12	12
ENSG00000000662	7	6	10	7	11	11
ENSG00000000663	20	20	19	20	21	20
ENSG00000000664	13	11	11	12	12	11
ENSG00000000665	12	13	10	12	10	12
ENSG00000000666	15	17	16	12	14	13
ENSG00000000667	14	12	10	11	12	15
ENSG00000000668	9	8	11	8	9	10
ENSG00000000669	10	9	12	9	10	10
ENSG00000000670	8	11	11	9	11	9
ENSG00000000671	12	14	12	11	13	13
ENSG00000000672	6	6	7	7	6	8
ENSG00000000673	6	7	3	5	5	5
ENSG00000000674	6	4	6	5	5	5
ENSG00000000675	8	8	11	7	11	9
ENSG00000000676	19	18	19	17	19	21
ENSG00000000677	11	9	10	9	10	11
ENSG00000000678	9	9	9	4	5	4
ENSG00000000679	11	7	11	12	10	9
ENSG00000000680	16	16	16	15	17	16
ENSG00000000681	5	6	5	5	4	6
ENSG00000000682	13	9	10	9	12	8
ENSG00000000683	19	16	17	19	16	15
ENSG00000000684	7	8	8	10	9	6
ENSG00000000685	10	6	10	6	6	7
ENSG00000000686	8	11	7	8	8	9
ENSG00000000687	11	12	11	14	11	14
ENSG00000000688	11	11	17	13	15	13
ENSG00000000689	10	11	12	11	12	10
ENSG00000000690	15	10	9	14	11	12
ENSG00000000691	4	4	5	4	5	3
ENSG00000000692	17	19	22	22	18	19
ENSG00000000693	6	6	7	11	7	7
ENSG00000000694	23	17	18	17	18	17
ENSG00000000695	6	7	7	4	4	2
ENSG00000000696	12	15	14	15	13	15
ENSG00000000697	8	12	7	8	7	7
ENSG00000000698	12	16	12	5	5	7
ENSG00000000699	8	8	10	8	9	7
ENSG00000000700	13	15	12	12	13	12
ENSG00000000701	12	12	10	9	9	9
ENSG00000000702	9	5	5	5	6	6
ENSG00000000703	13	14	13	14	14	13
ENSG00000000704	9	12	12	12	11	15
ENSG00000000705	10	9	10	9	10	9
ENSG00000000706	13	11	12	12	16	14
ENSG00000000707	11	12	14	10	12	11
ENSG00000000708	11	12	10	11	14	13
ENSG00000000709	9	9	10	10	13	9
ENSG00000000710	16	20	15	17	15	17
ENSG00000000711	11	10	10	14	13	11
ENSG00000000712	10	5	5	8	6	7
ENSG00000000713	14	12	9	13	11	12
ENSG00000000714	9	10	9	10	9	9
ENSG00000000715	9	10	10	17	19	20
ENSG00000000716	17	14	14	13	15	14
ENSG00000000717	10	9	9	9	10	10
ENSG00000000718	9	5	8	3	4	4
ENSG00000000719	9	8	6	7	9	10
ENSG00000000720	13	8	10	9	11	10
ENSG00000000721	17	16	16	17	14	17
ENSG00000000722	12	11	14	10	10	13
ENSG00000000723	13	11	12	11	10	10
ENSG00000000724	19	19	20	7	9	8
ENSG00000000725	11	11	10	9	11	9
ENSG00000000726	9	8	8	5	7	5
ENSG00000000727	4	6	6	6	7	6
ENSG00000000728	16	15	16	17	17	16
ENSG00000000729	19	14	13	14	13	15
ENSG00000000730	17	15	14	14	16	17
ENSG00000000731	7	6	8	7	6	6
ENSG00000000732	8	9	8	10	8	9
ENSG00000000733	8	11	7	11	8	9
ENSG00000000734	8	12	10	10	9	11
ENSG00000000735	13	14	14	13	12	13
ENSG00000000736	10	12	9	9	10	11
ENSG00000000737	10	10	12	9	11	11
ENSG00000000738	10	9	8	7	4	4
ENSG00000000739	26	27	22	23	23	27
ENSG00000000740	20	21	20	23	20	20
ENSG00000000741	16	16	16	17	16	17
ENSG00000000742	14	12	13	13	11	12
ENSG00000000743	15	11	11	11	10	12
ENSG00000000744	12	15	12	12	11	11
ENSG00000000745	13	16	12	15	15	13
ENSG00000000746	17	18	17	19	15	17
ENSG00000000747	8	9	9	7	9	10
ENSG00000000748	5	4	4	4	3	4
ENSG00000000749	8	8	9	7	8	8
ENSG00000000750	14	15	15	12	14	14
ENSG00000000751	10	9	12	11	12	10
ENSG00000000752	14	14	13	12	17	14
ENSG00000000753	10	7	9	9	10	10
ENSG00000000754	10	10	9	13	11	11
ENSG00000000755	16	14	17	16	15	14
ENSG00000000756	16	16	17	14	16	15
ENSG00000000757	21	21	21	20	20	23
ENSG00000000758	6	6	5	6	5	7
ENSG00000000759	8	7	9	11	8	10
ENSG00000000760	11	11	14	12	14	11
ENSG00000000761	9	7	9	9	9	10
ENSG00000000762	14	14	12	17	13	13
ENSG00000000763	3	5	2	6	2	4
ENSG00000000764	9	9	8	8	10	7
ENSG00000000765	9	10	11	10	12	8
ENSG00000000766	11	8	11	11	11	9
ENSG00000000767	16	15	18	16	17	17
ENSG00000000768	4	8	3	7	4	4
ENSG00000000769	18	15	17	17	21	16
ENSG00000000770	13	13	13	17	13	13
ENSG00000000771	14	16	14	39	43	39
ENSG00000000772	7	7	6	9	7	8
ENSG00000000773	12	13	13	14	19	13
ENSG00000000774	11	10	9	4	5	5
ENSG00000000775	21	20	20	22	24	24
ENSG00000000776	11	11	9	11	10	10
ENSG00000000777	11	10	12	11	9	12
ENSG00000000778	9	8	9	11	10	11
ENSG00000000779	8	8	6	8	8	8
ENSG00000000780	15	17	16	16	20	17
ENSG00000000781	9	7	8	8	9	8
ENSG00000000782	7	9	9	25	21	23
ENSG00000000783	13	15	12	18	12	13
ENSG00000000784	12	10	11	12	15	13
ENSG00000000785	7	9	8	14	14	13
ENSG00000000786	14	14	14	15	15	18
ENSG00000000787	12	13	12	11	11	13
ENSG00000000788	20	16	19	16	16	16
ENSG00000000789	12	14	13	13	15	13
ENSG00000000790	13	12	12	13	13	14
ENSG00000000791	6	5	7	6	5	7
ENSG00000000792	22	23	24	21	24	19
ENSG00000000793	15	12	14	13	15	16
ENSG00000000794	14	13	14	12	13	11
ENSG00000000795	21	23	22	23	23	21
ENSG00000000796	11	12	13	11	11	13
ENSG00000000797	10	12	12	11	11	11
ENSG00000000798	5	5	7	6	5	7
ENSG00000000799	5	3	5	4	2	5
ENSG00000000800	16	17	18	9	7	4
ENSG00000000801	13	11	9	11	12	10
ENSG00000000802	5	6	5	5	5	4
ENSG00000000803	15	14	17	16	18	16
ENSG00000000804	7	8	8	4	8	4
ENSG00000000805	11	10	14	11	11	11
ENSG00000000806	8	10	12	11	12	12
ENSG00000000807	14	13	10	11	12	10
ENSG00000000808	8	11	5	9	8	6
ENSG00000000809	15	12	12	11	13	13
ENSG00000000810	13	15	14	14	14	14
ENSG00000000811	16	13	13	12	13	14
ENSG00000000812	10	8	7	9	7	8
ENSG00000000813	15	15	14	14	13	16
ENSG00000000814	12	12	13	22	24	25
ENSG00000000815	10	9	10	9	10	10
ENSG00000000816	22	23	25	25	22	23
ENSG00000000817	7	5	7	6	4	7
ENSG00000000818	12	13	13	11	11	12
ENSG00000000819	16	13	16	13	15	13
ENSG00000000820	9	9	10	8	9	10
ENSG00000000821	10	10	9	11	8	9
ENSG00000000822	10	10	12	12	13	12
ENSG00000000823	16	10	10	10	13	11
ENSG00000000824	7	6	7	8	8	7
ENSG00000000825	18	16	20	18	18	16
ENSG00000000826	10	10	11	12	10	10
ENSG00000000827	15	17	16	14	18	14
ENSG00000000828	25	28	25	24	24	23
ENSG00000000829	12	10	10	21	19	19
ENSG00000000830	5	4	8	3	4	5
ENSG00000000831	18	15	19	16	19	18
ENSG00000000832	12	12	11	15	13	15
ENSG00000000833	6	7	6	9	9	7
ENSG00000000834	4	6	7	5	10	6
ENSG00000000835	9	9	11	8	8	8
ENSG00000000836	16	13	15	17	14	15
ENSG00000000837	12	12	13	12	13	11
ENSG00000000838	16	16	15	15	15	14
ENSG00000000839	16	15	14	13	13	12
ENSG00000000840	12	11	14	11	10	10
ENSG00000000841	13	16	13	14	15	13
ENSG00000000842	7	9	6	7	9	10
ENSG00000000843	18	16	18	17	17	16
ENSG00000000844	10	12	9	9	10	9
ENSG00000000845	6	6	8	8	7	9
ENSG00000000846	15	14	16	14	15	14
ENSG00000000847	10	11	13	8	10	10
ENSG00000000848	17	16	19	15	19	19
ENSG00000000849	8	4	6	7	8	5
ENSG00000000850	19	21	19	18	18	19
ENSG00000000851	11	11	11	11	13	12
ENSG00000000852	10	8	9	9	9	9
ENSG00000000853	13	14	15	14	13	13
ENSG00000000854	7	6	7	8	8	6
ENSG00000000855	13	14	10	6	9	6
ENSG00000000856	11	14	12	13	13	11
ENSG00000000857	20	22	24	21	23	21
ENSG00000000858	11	10	11	10	11	12
ENSG00000000859	17	18	16	18	16	15
ENSG00000000860	14	13	12	12	10	10
ENSG00000000861	12	11	10	10	9	13
ENSG00000000862	17	15	18	17	19	17
ENSG00000000863	14	14	16	13	13	14
ENSG00000000864	12	13	14	14	14	13
ENSG00000000865	13	10	11	10	12	11
ENSG00000000866	5	4	6	4	6	3
ENSG00000000867	20	19	26	21	23	21
ENSG00000000868	13	14	15	14	14	13
ENSG00000000869	9	10	12	19	19	17
ENSG00000000870	8	12	8	7	6	10
ENSG00000000871	12	11	12	13	14	13
ENSG00000000872	17	17	19	16	16	17
ENSG00000000873	9	7	7	8	8	11
ENSG00000000874	5	7	9	7	8	6
ENSG00000000875	23	21	23	22	22	22
ENSG00000000876	16	17	15	15	15	16
ENSG00000000877	7	9	8	7	8	8
ENSG00000000878	12	12	12	11	13	12
ENSG00000000879	11	10	10	9	8	10
ENSG00000000880	20	20	18	18	18	19
ENSG00000000881	10	7	8	8	8	8
ENSG00000000882	7	7	6	10	8	8
ENSG00000000883	14	16	14	14	18	15
ENSG00000000884	21	21	21	22	20	22
ENSG00000000885	14	16	12	14	14	13
ENSG00000000886	12	13	15	11	13	15
ENSG00000000887	8	7	7	8	10	7
ENSG00000000888	12	15	12	11	15	10
ENSG00000000889	12	13	15	11	15	14
ENSG00000000890	10	9	9	13	10	10
ENSG00000000891	13	16	13	12	13	12
ENSG00000000892	6	6	5	6	10	5
ENSG00000000893	10	13	14	11	12	12
ENSG00000000894	25	24	23	12	12	15
ENSG00000000895	8	9	7	7	5	7
ENSG00000000896	14	12	14	15	12	12
ENSG00000000897	8	7	7	6	7	12
ENSG00000000898	10	11	8	10	9	9
ENSG00000000899	12	11	15	12	17	12
ENSG00000000900	11	14	16	11	9	12
ENSG00000000901	12	15	16	13	16	15
ENSG00000000902	7	5	3	5	5	7
ENSG00000000903	4	5	6	4	5	6
ENSG00000000904	19	20	20	16	16	18
ENSG00000000905	14	14	14	12	16	11
ENSG00000000906	11	10	12	11	11	11
ENSG00000000907	11	11	12	10	10	11
ENSG00000000908	8	8	10	9	10	8
ENSG00000000909	10	8	8	9	11	9
ENSG00000000910	9	5	6	7	7	7
ENSG00000000911	9	10	11	13	13	9
ENSG00000000912	4	4	7	11	10	11
ENSG00000000913	20	23	20	21	19	21
ENSG00000000914	11	10	11	10	11	13
ENSG00000000915	5	7	6	8	4	7
ENSG00000000916	4	5	4	7	6	9
ENSG00000000917	18	22	18	14	10	10
ENSG00000000918	19	21	17	5	7	9
ENSG00000000919	22	19	20	21	21	20
ENSG00000000920	10	8	9	13	9	8
ENSG00000000921	11	10	10	9	10	9
ENSG00000000922	15	17	17	16	14	18
ENSG00000000923	10	8	8	22	22	22
ENSG00000000924	11	11	13	18	20	20
ENSG00000000925	13	16	17	17	14	16
ENSG00000000926	7	9	9	6	8	8
ENSG00000000927	12	13	14	12	13	12
ENSG00000000928	10	12	11	11	14	11
ENSG00000000929	10	10	10	11	9	9
ENSG00000000930	15	16	15	15	15	17
ENSG00000000931	13	14	13	14	15	12
ENSG00000000932	13	15	14	19	14	13
ENSG00000000933	12	14	12	13	13	13
ENSG00000000934	13	15	15	16	16	16
ENSG00000000935	12	11	14	14	13	13
ENSG00000000936	11	9	11	11	13	10
ENSG00000000937	20	19	20	22	22	19
ENSG00000000938	9	9	10	8	9	10
ENSG00000000939	8	9	10	8	11	9
ENSG00000000940	17	17	15	17	20	17
ENSG00000000941	10	12	11	12	10	10
ENSG00000000942	13	12	16	14	12	16
ENSG00000000943	19	20	19	22	19	22
ENSG00000000944	11	11	10	11	12	12
ENSG00000000945	16	15	18	16	16	17
ENSG00000000946	11	10	8	10	11	10
ENSG00000000947	6	8	7	5	7	8
ENSG00000000948	14	17	16	17	16	15
ENSG00000000949	6	7	5	6	7	7
ENSG00000000950	9	9	10	9	11	11
ENSG00000000951	6	7	7	7	6	7
ENSG00000000952	12	11	10	12	10	12
ENSG00000000953	15	14	14	12	14	14
ENSG00000000954	19	19	18	21	18	19
ENSG00000000955	1	3	3	3	3	1
ENSG00000000956	9	9	10	10	9	10
ENSG00000000957	9	7	6	7	7	4
ENSG00000000958	16	19	15	16	14	14
ENSG00000000959	17	13	13	14	15	14
ENSG00000000960	10	12	9	10	9	11
ENSG00000000961	7	6	6	5	5	8
ENSG00000000962	17	19	19	20	21	18
ENSG00000000963	13	13	10	11	12	14
ENSG00000000964	21	18	20	17	20	18
ENSG00000000965	13	14	13	12	12	11
ENSG00000000966	13	14	14	14	12	11
ENSG00000000967	15	15	14	15	13	16
ENSG00000000968	11	12	12	12	10	11
ENSG00000000969	12	14	12	12	12	14
ENSG00000000970	11	12	15	13	12	14
ENSG00000000971	4	3	6	5	6	5
ENSG00000000972	13	16	11	12	12	13
ENSG00000000973	9	10	9	9	13	14
ENSG00000000974	23	20	24	23	22	21
ENSG00000000975	4	7	3	4	3	6
ENSG00000000976	16	13	11	14	12	14
ENSG00000000977	14	12	15	13	12	12
ENSG00000000978	22	20	21	41	41	39
ENSG00000000979	7	8	10	11	9	7
ENSG00000000980	14	13	10	13	10	12
ENSG00000000981	10	14	11	12	11	12
ENSG00000000982	15	16	14	12	14	12
ENSG00000000983	15	15	15	16	16	17
ENSG00000000984	16	18	16	16	17	14
ENSG00000000985	10	8	10	9	8	10
ENSG00000000986	14	14	14	13	14	13
ENSG00000000987	18	14	13	17	15	17
ENSG00000000988	9	8	9	8	7	9
ENSG00000000989	13	12	13	14	13	11
ENSG00000000990	10	8	10	9	10	11
ENSG00000000991	14	11	12	13	13	14
ENSG00000000992	16	18	13	15	15	16
ENSG00000000993	15	14	14	16	14	20
ENSG00000000994	17	18	17	19	19	17
ENSG00000000995	12	16	13	10	11	11
ENSG00000000996	14	9	13	13	11	14
ENSG00000000997	10	11	12	14	11	11
ENSG00000000998	10	9	8	8	8	9
ENSG00000000999	7	6	8	6	6	7
